gene	region_name	mpc_starts	mpc_ends	mpc_widths	obs_exp	fill_bin	fill	start	end	Kaplanis_et_al_patient_id	symbol	pos	mutation_start	mutation_end	distance_to_exon_start	scaled_exon_start	new_pos
KCND3	KCND3_1	112323408	112525348	201940	0.215748993	0.2 - 0.3	#CB181D	112329566	112329728	103611	KCND3	112329637	112329637	112329637	71	112319892	112319963
CACNA1E	CACNA1E_1	181452881	181695209	242328	0.395377131	0.3 - 0.4	#EF3B2C	181546902	181547005	DDDP110434	CACNA1E	181546967	181546967	181546967	65	181453690	181453755
KCNH1	KCNH1_2	210948690	211192133	243443	0.261192463	0.2 - 0.3	#CB181D	210977309	210977508	DDDP117933	KCNH1	210977484	210977484	210977484	175	210858228	210858403
KCNH1	KCNH1_2	210948690	211192133	243443	0.261192463	0.2 - 0.3	#CB181D	210977309	210977508	95774	KCNH1	210977485	210977485	210977485	176	210858228	210858404
KCNH1	KCNH1_2	210948690	211192133	243443	0.261192463	0.2 - 0.3	#CB181D	210977309	210977508	74233	KCNH1	210977485	210977485	210977485	176	210858228	210858404
KCNH1	KCNH1_2	210948690	211192133	243443	0.261192463	0.2 - 0.3	#CB181D	211092982	211093411	37537	KCNH1	211093382	211093382	211093382	400	210858527	210858927
RYR2	RYR2_2	237889594	237995947	106353	0.512003928	0.5 - 0.6	#FC9272	237982336	237982492	45133	RYR2	237982492	237982492	237982492	156	237230154	237230310
RYR2	RYR2_2	237889594	237995947	106353	0.512003928	0.5 - 0.6	#FC9272	237982336	237982492	DDDP104680	RYR2	237982492	237982492	237982492	156	237230154	237230310
CACNA1C	CACNA1C_1	2162729	2786952	624223	0.397004214	0.3 - 0.4	#EF3B2C	2760806	2760934	rumc_patient_1749	CACNA1C	2760855	2760855	2760855	49	2169663	2169712
CACNA1C	CACNA1C_1	2162729	2786952	624223	0.397004214	0.3 - 0.4	#EF3B2C	2774747	2774874	DDDP117273	CACNA1C	2774765	2774765	2774765	18	2170512	2170530
SCN8A	SCN8A_1	52056602	52145209	88607	0.458307202	0.4 - 0.5	#FB6A4A	52099201	52099407	DDDP117797	SCN8A	52099288	52099288	52099288	87	52058528	52058615
TPCN1	TPCN1_2	113706571	113714756	8185	0.328154669	0.3 - 0.4	#EF3B2C	113706571	113706677	rumc_patient_2348	TPCN1	113706596	113706596	113706596	25	113664313	113664338
NALCN	NALCN_3	101714329	101742226	27897	0.288088822	0.2 - 0.3	#CB181D	101728224	101728292	73899	NALCN	101728275	101728275	101728275	51	101709800	101709851
KCNH5	KCNH5_1	63175027	63511904	336877	0.585572519	0.5 - 0.6	#FC9272	63416851	63417277	74385	KCNH5	63417240	63417240	63417240	389	63176219	63176608
CACNA1G	CACNA1G_3	48655848	48669447	13599	0.280059726	0.2 - 0.3	#CB181D	48669298	48669447	46532	CACNA1G	48669424	48669424	48669424	126	48641879	48642005
CACNA1G	CACNA1G_3	48655848	48669447	13599	0.280059726	0.2 - 0.3	#CB181D	48669298	48669447	31543	CACNA1G	48669424	48669424	48669424	126	48641879	48642005
CACNA1G	CACNA1G_3	48655848	48669447	13599	0.280059726	0.2 - 0.3	#CB181D	48669298	48669447	DDDP108060	CACNA1G	48669424	48669424	48669424	126	48641879	48642005
CACNA1G	CACNA1G_3	48655848	48669447	13599	0.280059726	0.2 - 0.3	#CB181D	48669298	48669447	71466	CACNA1G	48669424	48669424	48669424	126	48641879	48642005
CACNA1G	CACNA1G_3	48655848	48669447	13599	0.280059726	0.2 - 0.3	#CB181D	48669298	48669447	15394	CACNA1G	48669424	48669424	48669424	126	48641879	48642005
CACNA1A	CACNA1A_4	13325316	13395913	70597	0.301246306	0.3 - 0.4	#EF3B2C	13346428	13346544	50689	CACNA1A	13346507	13346507	13346507	79	13322065	13322144
CACNA1A	CACNA1A_4	13325316	13395913	70597	0.301246306	0.3 - 0.4	#EF3B2C	13346428	13346544	DDDP126311	CACNA1A	13346507	13346507	13346507	79	13322065	13322144
CACNA1A	CACNA1A_4	13325316	13395913	70597	0.301246306	0.3 - 0.4	#EF3B2C	13368164	13368365	39498	CACNA1A	13368234	13368234	13368234	70	13322938	13323008
CACNA1A	CACNA1A_4	13325316	13395913	70597	0.301246306	0.3 - 0.4	#EF3B2C	13368164	13368365	1715	CACNA1A	13368235	13368235	13368235	71	13322938	13323009
CACNA1A	CACNA1A_4	13325316	13395913	70597	0.301246306	0.3 - 0.4	#EF3B2C	13373548	13373647	61476	CACNA1A	13373594	13373594	13373594	46	13323736	13323782
CACNA1A	CACNA1A_4	13325316	13395913	70597	0.301246306	0.3 - 0.4	#EF3B2C	13373548	13373647	DDDP113730	CACNA1A	13373594	13373594	13373594	46	13323736	13323782
CACNA1A	CACNA1A_4	13325316	13395913	70597	0.301246306	0.3 - 0.4	#EF3B2C	13373548	13373647	25597	CACNA1A	13373594	13373594	13373594	46	13323736	13323782
CACNA1A	CACNA1A_4	13325316	13395913	70597	0.301246306	0.3 - 0.4	#EF3B2C	13373548	13373647	DDDP119879	CACNA1A	13373594	13373594	13373594	46	13323736	13323782
SCN3A	SCN3A_3	165946660	165986476	39816	0.59771023	0.5 - 0.6	#FC9272	165946660	165947855	73599	SCN3A	165947801	165947801	165947801	1141	165946660	165947801
SCN3A	SCN3A_3	165946660	165986476	39816	0.59771023	0.5 - 0.6	#FC9272	165946660	165947855	DDDP117279	SCN3A	165947801	165947801	165947801	1141	165946660	165947801
SCN2A	SCN2A_2	166198884	166201361	2477	0.087538898	0 - 0.1	#67000D	166198884	166198979	12340	SCN2A	166198975	166198975	166198975	91	166156086	166156177
SCN2A	SCN2A_2	166198884	166201361	2477	0.087538898	0 - 0.1	#67000D	166198884	166198979	46287	SCN2A	166198975	166198975	166198975	91	166156086	166156177
SCN2A	SCN2A_2	166198884	166201361	2477	0.087538898	0 - 0.1	#67000D	166198884	166198979	rumc_patient_1414	SCN2A	166198975	166198975	166198975	91	166156086	166156177
SCN2A	SCN2A_2	166198884	166201361	2477	0.087538898	0 - 0.1	#67000D	166198884	166198979	6944	SCN2A	166198975	166198975	166198975	91	166156086	166156177
SCN2A	SCN2A_3	166201362	166246334	44972	0.467056352	0.4 - 0.5	#FB6A4A	166245139	166246334	27259	SCN2A	166245193	166245193	166245193	54	166159629	166159683
SCN2A	SCN2A_3	166201362	166246334	44972	0.467056352	0.4 - 0.5	#FB6A4A	166245139	166246334	DDDP113068	SCN2A	166245633	166245633	166245633	494	166159629	166160123
SCN2A	SCN2A_3	166201362	166246334	44972	0.467056352	0.4 - 0.5	#FB6A4A	166245139	166246334	DDDP123787	SCN2A	166245633	166245633	166245633	494	166159629	166160123
SCN2A	SCN2A_3	166201362	166246334	44972	0.467056352	0.4 - 0.5	#FB6A4A	166245139	166246334	DDDP106889	SCN2A	166245634	166245634	166245634	495	166159629	166160124
SCN1A	SCN1A_3	166847755	166892986	45231	0.571910244	0.5 - 0.6	#FC9272	166847755	166848932	96582	SCN1A	166848438	166848438	166848438	683	166847755	166848438
SCN1A	SCN1A_3	166847755	166892986	45231	0.571910244	0.5 - 0.6	#FC9272	166847755	166848932	2680	SCN1A	166848878	166848878	166848878	1123	166847755	166848878
SCN1A	SCN1A_1	166897765	166930131	32366	0.596401433	0.5 - 0.6	#FC9272	166909362	166909453	32302	SCN1A	166909400	166909400	166909400	38	166855168	166855206
KCNB1	KCNB1_1	47990762	48099017	108255	0.089756668	0 - 0.1	#67000D	47990762	47991529	55311	KCNB1	47991189	47991189	47991189	427	47990761	47991188
KCNQ2	KCNQ2_1	62065173	62103816	38643	0.178297364	0.1 - 0.2	#A50F15	62076012	62076187	3522	KCNQ2	62076109	62076109	62076109	97	62041212	62041309
KCNQ2	KCNQ2_1	62065173	62103816	38643	0.178297364	0.1 - 0.2	#A50F15	62076012	62076187	12019	KCNQ2	62076109	62076109	62076109	97	62041212	62041309
KCNQ2	KCNQ2_1	62065173	62103816	38643	0.178297364	0.1 - 0.2	#A50F15	62076012	62076187	12978	KCNQ2	62076109	62076109	62076109	97	62041212	62041309
CACNA1D	CACNA1D_1	53529194	53815609	286415	0.528612464	0.5 - 0.6	#FC9272	53764469	53764583	40380	CACNA1D	53764492	53764492	53764492	23	53533059	53533082
KCNQ3	KCNQ3_1	133146635	133492779	346144	0.469227331	0.4 - 0.5	#FB6A4A	133192404	133192576	DDDP100593	KCNQ3	133192501	133192501	133192501	97	133144439	133144536
KCNQ3	KCNQ3_1	133146635	133492779	346144	0.469227331	0.4 - 0.5	#FB6A4A	133192404	133192576	DDDP122753	KCNQ3	133192501	133192501	133192501	97	133144439	133144536
KCNQ3	KCNQ3_1	133146635	133492779	346144	0.469227331	0.4 - 0.5	#FB6A4A	133192404	133192576	102644	KCNQ3	133192501	133192501	133192501	97	133144439	133144536
CACNA1B	CACNA1B_1	140772386	140972650	200264	0.609073229	0.6 - 0.7	#FCBBA1	140878590	140878702	6011	CACNA1B	140878675	140878675	140878675	85	140775230	140775315
